0.0021816345433982504
0.00022061602657533165
0.00013350376169697227
0.00010009553656348877
8.30584634005286e-05
7.350552320445453e-05
6.690984632562276e-05
6.21797683974207e-05
5.8868156135081406e-05
5.645287767122933e-05
5.4168492943319695e-05
5.246048908403063e-05
5.115784368190003e-05
5.009129751175428e-05
4.916561770865986e-05
4.83058140317109e-05
4.7491223760025194e-05
4.689503672234794e-05
4.6268144717745096e-05
4.577451097428577e-05
4.5317126865243354e-05
4.4803187611947954e-05
4.4248860010913145e-05
4.3900871718193055e-05
4.3508770447919714e-05
4.329462501799559e-05
4.29369531643459e-05
4.2585383726196115e-05
4.228909890215277e-05
4.207746908594249e-05
4.179044742121828e-05
4.145059535138521e-05
4.119483715700083e-05
4.111054646470127e-05
4.083302272834601e-05
4.0698679256755446e-05
4.0503570533471095e-05
4.021434855565552e-05
4.012293438114613e-05
3.989489538011413e-05
3.964321771624732e-05
3.9633075074380826e-05
3.940103358700479e-05
3.9223218035065074e-05
3.918346229145826e-05
3.895572757264516e-05
3.882535542610545e-05
3.8717969673405694e-05
3.8653359296233035e-05
3.847535145141084e-05
