4.6432086916034454e-05
4.509849564183362e-05
4.446215974152868e-05
4.408760382722605e-05
4.380481737682351e-05
4.353205677256109e-05
4.330366953529274e-05
4.316382840175009e-05
4.28693501504678e-05
4.269492497269352e-05
4.250806913581758e-05
4.240358484376741e-05
4.230247359406028e-05
4.2165976663350136e-05
4.19627008610918e-05
4.191580722637188e-05
4.167018684008644e-05
4.170443300329895e-05
4.15795139283448e-05
4.135531824839164e-05
4.1283011914373e-05
4.118933447089879e-05
4.113537024533218e-05
4.1019204726640285e-05
4.07946437216046e-05
4.0843927587111385e-05
4.074075608991916e-05
4.0615260724755875e-05
4.059325104933492e-05
4.051103733979932e-05
4.0315944792894543e-05
4.0357157144094564e-05
4.030060565385069e-05
4.0126269673380145e-05
4.000896832305754e-05
4.000256567218038e-05
3.9926879243925134e-05
3.9943814273385224e-05
3.9840323872354064e-05
3.977940348512575e-05
3.971691487659929e-05
3.962870545315077e-05
3.952209082875891e-05
3.9482317413631314e-05
3.9517279505964924e-05
3.9347442985626095e-05
3.9354933347047574e-05
3.93012657336489e-05
3.927711897739775e-05
3.911384097185887e-05
