2.2221236018489156e-05
2.19855792412652e-05
2.1824876764582482e-05
2.1713185386089028e-05
2.1619497914816752e-05
2.1523248926729473e-05
2.1384383107293628e-05
2.1306543555598886e-05
2.1257890726067804e-05
2.121097157226154e-05
2.1111556266734652e-05
2.1040418781294627e-05
2.1050202923461566e-05
2.094871276549087e-05
2.0844968558861643e-05
2.0841757027108697e-05
2.0737824329779643e-05
2.0705089429370182e-05
2.0745574993372115e-05
2.065457651094797e-05
2.0584262620030406e-05
2.054875772510837e-05
2.0522056151228074e-05
2.0509539181827597e-05
2.0481140872763927e-05
2.044811966881271e-05
2.038012422541182e-05
2.033439172939693e-05
2.03303146058026e-05
2.0366135337907566e-05
2.030084788707244e-05
2.026364163484124e-05
2.0247344878007216e-05
2.0173450933433383e-05
2.015303920520925e-05
2.0134610498643006e-05
2.012687623972939e-05
2.014060332820541e-05
2.0059715196732392e-05
2.0035496279296057e-05
2.0020784641437542e-05
2.00229827258877e-05
2.001025164925769e-05
2.0022567001562857e-05
1.9943888567794148e-05
1.9909626688893168e-05
1.9931513212019038e-05
1.9845759098279685e-05
1.9910145230250956e-05
1.9868247158089575e-05
