3.824958099180707e-05
3.802177137755251e-05
3.7904254413803936e-05
3.7851942189273596e-05
3.784880053056241e-05
3.774787076079102e-05
3.7748141325299254e-05
3.7707295320198366e-05
3.758810460577381e-05
3.749517739036355e-05
3.7544194333465266e-05
3.746655690589587e-05
3.739860470426942e-05
3.737388809293666e-05
3.739571898049691e-05
3.726881506951634e-05
3.7276137452135035e-05
3.7202149544893146e-05
3.71953764652831e-05
3.715151192244471e-05
3.709395800033388e-05
3.7051100456018295e-05
3.702481418933123e-05
3.699271415170296e-05
3.687526609680718e-05
3.683670333786444e-05
3.6866030435344914e-05
3.6702832149722605e-05
3.6770474559374065e-05
3.672246823350108e-05
3.673459196880984e-05
3.667391977070372e-05
3.666358234621145e-05
3.669231777351788e-05
3.659726976758398e-05
3.654621004620157e-05
3.6605388868349454e-05
3.6456476298594056e-05
3.6417085603613926e-05
3.644706632935949e-05
3.6382346786415615e-05
3.6363748693055913e-05
3.6337093252281346e-05
3.6239287471109115e-05
3.6304943373330235e-05
3.6273522257094636e-05
3.627034940106033e-05
3.627708206569331e-05
3.6141901610609094e-05
3.6121479025735e-05
