0.014983269409640856
0.0045503202723720495
0.0028232586552468515
0.002143722236181417
0.001753997552112481
0.0014789355063126544
0.0012731515383563828
0.0011188249132389175
0.0010022115959028776
0.0009111047642627705
0.0008370538801165417
0.0007747658284245446
0.0007211508940073921
0.0006743150279709074
0.0006328972979097199
0.0005958823213356879
0.0005625881260105684
0.0005324868601210635
0.0005050825823411338
0.00048004857492804615
0.00045708677032330904
0.00043600325819844767
0.0004166068640032051
0.0003987252333833824
0.0003822274409183911
0.0003670237501311472
0.00035297291399555335
0.0003400519207092498
0.00032812696251722514
0.0003171332666894539
0.00030699131873615493
0.000297628467078323
0.00028897315130452114
0.00028096894275048996
0.00027354672171728527
0.0002666569266652303
0.0002602405306898593
0.00025426670621153197
0.0002486630159190712
0.00024341891030394615
0.00023849985633195322
0.00023386989528914457
0.00022949324299649507
0.00022536324842558733
0.00022144787419511205
0.00021774374522460157
0.00021421160587088597
0.00021086385236965767
0.00020766708816427062
0.00020462326763047035
0.0002017124325912311
0.00019892928661995494
0.00019626524542202539
0.0001937124053619661
0.00019126188201615057
0.00018890754297980165
0.0001866470084061263
0.00018447898091374497
0.000182386215673281
0.00018037204722343796
0.00017843029633135595
0.0001765572743355756
0.00017475180112546047
0.0001730051036870472
0.00017131867204774542
0.00016968659770580757
0.00016810726436496088
0.00016657905291436053
0.00016510039450821427
0.00016366327229734676
0.00016227166827447424
0.00016092566884686154
0.00015961904283223643
0.00015834394434943426
0.0001571136769251593
0.00015591045889437412
0.00015474864427450543
0.0001536126106327396
0.00015251061275998591
0.0001514343559777469
0.0001503922323262865
0.0001493775479458751
0.00014838666412314233
0.0001474194187454699
0.0001464806380749613
0.00014556531197642788
0.00014466973913154923
0.00014379699333439902
0.0001429467619585842
0.00014211423263775486
0.0001413046612953243
0.00014050931057830448
0.00013973851490120846
0.00013897969102200084
0.0001382425385875586
0.0001375189546270728
0.00013680978768617288
0.00013612354858055962
0.00013544549575938197
0.0001347851110133795
