0.014983269414675855
0.004550320266382614
0.002823258656505601
0.0021437222306692006
0.001753997550106781
0.0014789355083840584
0.0012731515403620827
0.001118824912889649
0.0010022115956123969
0.000911104765082341
0.0008370538816519396
0.0007747658262736044
0.0007211508942667499
0.0006743150268504819
0.0006328972979235523
0.0005958823208757602
0.0005625881265119934
0.0005324868593914037
0.0005050825825123099
0.0004800485745753196
0.00045708677094403864
0.0004360032578267015
0.0004166068651409211
0.0003987252344847883
0.0003822274408181061
0.0003670237501674573
0.00035297291391082983
0.00034005192024759304
0.00032812696241348206
0.00031713326680184227
0.0003069913188917696
0.00029762846715007863
0.00028897315121374594
0.0002809689427401156
0.0002735467216178648
0.0002666569262381546
0.000260240530679485
0.0002542667061925124
0.00024866301523523125
0.00024341891032555928
0.00023849985579248907
0.00023386989559345768
0.00022949324334749257
0.00022536324869834522
0.00022144787451239305
0.0002177437454597526
0.00021421160552594014
0.0002108638521863782
0.00020766708844048663
0.00020462326770136145
0.00020171243240838386
0.00019892928652442482
0.00019626524556553667
0.00019371240538444378
0.00019126188192148498
0.00018890754310083526
0.00018664700843119754
0.00018447898066908415
0.00018238621539274236
0.00018037204755195777
0.00017843029650253206
0.00017655727429969777
0.00017475180080947627
0.0001730051032465713
0.00017131867216704997
0.0001696865978138733
0.0001681072644475231
0.0001665790530103229
0.00016510039475676544
0.00016366327255497548
0.0001622716683427718
0.00016092566841892125
0.0001596190432199763
0.00015834394465979903
0.00015711367693726266
0.00015591045879625044
0.00015474864417162686
0.00015361261068720474
0.00015251061287799368
0.00015143435584547444
0.00015039223240366156
0.0001493775477755635
0.00014838666433884153
0.00014741941854792573
0.00014648063835679672
0.00014556531205250616
0.00014466973903904496
0.000143796993768391
0.00014294676177487245
0.000142114233190403
0.00014130466133811833
0.00014050931070538978
0.00013973851504904238
0.00013897969089145742
0.0001382425387587347
0.00013751895447923889
0.00013680978772507654
0.00013612354855030122
0.0001354454957650014
0.00013478511122648514
