0.03276326841173264
0.013552424677289449
0.009710253444715189
0.007938593376141329
0.007036085051985887
0.006446966991974758
0.005981413576465386
0.005582063630509835
0.005228746457885091
0.004912720302979534
0.004628669056325005
0.004372916590422392
0.004142406893320955
0.003935573330865457
0.0037495609746816066
0.0035823630816661394
0.0034329986155319674
0.003298793602448243
0.0031786203915969685
0.0030710917631020913
0.002974234420233048
0.002886998974073392
0.0028083776659690416
0.002737311335710379
0.0026723510670977144
0.0026130229211054168
0.002558525741745073
0.0025082665300713135
0.0024615424134267062
0.0024180243582679673
0.0023772361217639765
0.0023388266305510814
0.0023025040885863396
0.0022682305158903964
0.0022355509628183565
0.0022042854535751616
0.0021744616930731214
0.0021458888281709874
0.00211844022364284
0.00209204331255303
0.0020664350098142255
0.002041925530594129
0.0020181125957662097
0.0019951046354209
0.001972707824280056
0.0019511419736708586
0.0019301350449856657
0.0019096848630131436
0.0018898441774340775
0.0018704592009576467
0.0018517493170757706
0.0018334442825558093
0.0018155632044117038
0.0017981207286939026
0.0017811293291787689
0.0017645874340087176
0.0017484179477995404
0.0017325936878243317
0.001717126755688626
0.0017019998551561282
0.0016872445793392568
0.0016727919903082344
0.0016586332102664389
0.0016448079168509978
0.0016312498727526802
0.001617891243372399
0.0016049562212652885
0.0015922388614226992
0.0015796849265551339
0.0015673843228186553
0.0015553555863264661
0.001543613410053345
0.001532061856956436
0.0015207025972553171
0.0015095450239829146
0.001498548914750035
0.0014878076964702743
0.0014772533168299841
0.0014667670521168754
0.001456636876011124
0.0014466409689675157
0.0014367606589713922
0.0014270445046086725
0.0014175329177568737
0.0014081493394735914
0.001398896702636893
0.001389725434092375
0.0013808568109256716
0.0013720069947437599
0.001363381156590409
0.0013547679241030263
0.0013464127999658767
0.0013381071585015609
0.0013299293554602906
0.0013218830012573072
0.0013139528748579324
0.0013061057295865165
0.0012984257869852276
0.001290848007783867
0.0012833565255053914
0.0012759705009297109
0.0012686858460522043
0.0012615138656244828
0.0012544185683274498
0.0012474323745028904
0.0012405562122137501
0.001233732254172747
0.0012270568554074719
0.0012204217665398923
0.0012138880502360944
0.0012074852285978313
0.0012010732952576991
0.0011948432523327377
0.0011886103592383174
0.0011824975447872511
0.0011764985191850708
0.0011705044774123683
0.001164617544756486
0.001158830781503079
0.0011530419201590122
0.0011473832621883887
0.001141804157756269
0.0011362588169196478
0.001130773151365037
0.0011254081870071017
0.0011200703031096894
0.0011148103131697728
0.0011095948112913622
0.0011045058395785208
0.0010994206977148469
0.0010943685986029986
0.0010894320235372737
0.0010845247099104409
0.0010797077027292778
0.0010749291352426203
0.0010702086953589549
0.0010655106914659533
0.001060912954979218
0.001056353926192969
0.0010518580768973781
0.001047380295403015
0.0010429903452212994
0.0010386316955017928
0.0010343237028887066
0.00103005763866867
0.0010258525827039893
0.0010216759192184187
0.0010175826255805218
0.0010134996955569547
0.001009475798632663
0.001005471869909133
0.001001540716092747
0.0009976755254185543
0.0009937789532212685
0.0009900007323863415
0.0009862509975209833
0.0009824976611595888
0.000978807898453222
0.0009751517354654004
0.0009715485038020863
0.0009679736417646591
0.000964431903611582
0.000960941828106745
0.0009574501121846529
0.0009540287508056141
0.0009506311013649862
0.0009472927765275997
0.0009439327758020506
0.0009406760636215599
0.0009374105223597816
0.000934176895265969
0.0009309958220961002
0.0009278317018985176
0.0009246866979206411
0.000921590908537977
0.0009185430435463786
0.0009154811085989842
0.0009124785335018085
0.0009094871728895948
0.000906533473995156
0.0009036086121072562
0.0009007052168106803
0.0008978458212760206
0.000894976420328021
0.000892189119118624
0.0008893815639357155
0.0008866102863819553
0.0008838528901553498
0.0008811245660942334
0.0008784506747570749
0.0008757643963281925
0.0008731349637158788
0.0008704930115491151
0.0008679045593867509
0.0008653122330299364
0.0008627657965183831
0.0008602085884373921
0.0008577119506752262
0.0008552288254722953
0.0008527522096768594
0.0008502980357465835
0.000847867281605991
0.0008454521745085143
0.000843065882818057
0.0008406928363972558
0.0008383388513555893
0.0008360030703748075
0.0008336695787640146
