0.032763268309143875
0.01355242469562934
0.00971025344213614
0.00793859332627975
0.00703608505284557
0.006446966972202063
0.005981413577325069
0.005582063667762738
0.00522874643940192
0.004912720295815513
0.004628669038271675
0.004372916602028104
0.004142406889738945
0.00393557330679435
0.0037495609587774826
0.003582363079373653
0.0034329986173946125
0.0032987936013020003
0.0031786203840031076
0.003071091785167272
0.0029742344219524128
0.0028869989608915955
0.0028083776698376124
0.0027373113298358826
0.002672351071324486
0.0026130229210337766
0.002558525745828564
0.0025082665242684575
0.002461542415862473
0.002418024367867754
0.0023772361318652444
0.002338826626825791
0.0023025040991174485
0.002268230522911136
0.0022355509666869273
0.0022042854574437325
0.0021744616992341783
0.002145888824015856
0.0021184402336724677
0.002092043314917156
0.0020664350252885084
0.0020419255257225952
0.002018112605652557
0.0019951046395043914
0.0019727078195518025
0.0019511419715216526
0.0019301350604599486
0.001909684864517588
0.0018898441810877278
0.0018704591979487584
0.001851749306401381
0.001833444279833482
0.0018155632065609097
0.0017981207254700936
0.0017811293260266
0.0017645874292804644
0.0017484179495905455
0.001732593695131632
0.0017171267565483084
0.00170199985580089
0.0016872445725334378
0.0016727919848635792
0.0016586332132753272
0.001644807910045179
0.0016312498811345835
0.0016178912359218185
0.001604956218542961
0.001592238858485451
0.0015796849257670917
0.0015673843094935783
0.0015553555925591634
0.0015436134127756725
0.0015320618572429968
0.0015207026024850515
0.001509545021976989
0.0014985489199797694
0.0014878076953956714
0.0014772533155404605
0.0014667670625047042
0.0014566368725007542
0.0014466409634512204
0.0014367606548879009
0.001427044509193645
0.0014175329125271393
0.001408149349431579
0.0013988967062905431
0.0013897254333043328
0.0013808568083466246
0.0013720070050599483
0.0013633811611037416
0.0013547679225269418
0.0013464127998225963
0.0013381071559225137
0.0013299293532394445
0.0013218830035497935
0.0013139528735684088
0.0013061057222792162
0.0012984257798570279
0.0012908480054197402
0.0012833565229263444
0.0012759705025057954
0.0012686858389598247
0.0012615138598216268
0.001254418573127343
0.0012474323801982862
0.0012405562132167128
0.0012337322524892023
0.0012270568555149321
0.0012204217637101045
0.001213888046080963
0.001207485226018784
0.0012010732972994446
0.0011948432587803556
0.0011886103599547193
0.001182497546614076
0.0011764985190417904
0.0011705044763377652
0.0011646175405297143
0.0011588307828284228
0.0011530419256394872
0.0011473832631555315
0.001141804159260713
0.0011362588206807582
0.0011307731489650905
0.001125408193239799
0.001120070305832017
0.0011148103107340062
0.0011095948160196154
0.0011045058365338125
0.0010994206938462763
0.0010943686009671253
0.0010894320246835167
0.001084524712167107
0.0010797077047710235
0.0010749291330217742
0.0010702086922067863
0.0010655106889227261
0.0010609129585254077
0.0010563539247959851
0.0010518580774346797
0.001047380293182169
0.001042990345794421
0.0010386316939615286
0.0010343236981604535
0.0010300576426447011
0.0010258525835636716
0.0010216759173557735
0.0010175826265476644
0.001013499696739018
0.0010094757987401234
0.0010054718719508784
0.0010015407213583016
0.0009976755237350097
0.0009937789515377237
0.0009900007328161827
0.0009862509929718306
0.0009824976597267848
0.0009788078990621636
0.0009751517358594216
0.0009715485088527203
0.0009679736412631778
0.0009644319048294654
0.000960941834303622
0.0009574501117189916
0.0009540287498742916
0.0009506310968516538
0.0009472927771007212
0.0009439327705723162
0.0009406760601470104
0.0009374105245089875
0.0009341768865258648
0.000930995823493084
0.0009278316998209518
0.0009246867008578892
0.000921590913946812
0.0009185430442269605
0.0009154811085989842
0.0009124785356510144
0.0009094871759343033
0.0009065334736727751
0.0009036086070566223
0.0009007052188882461
0.0008978458300161247
0.0008949764258443163
0.000892189119476825
0.0008893815645804772
0.0008866102850924318
0.000883852894955243
0.0008811245601839171
0.000878450677336122
0.0008757643977609965
0.0008731349662591058
0.000870493011835676
0.0008679045627538401
0.000865312233997079
0.0008627658002794935
0.0008602085829927371
0.0008577119499230041
0.0008552288255081154
0.0008527522082082354
0.0008502980386838317
0.0008478672828596945
0.0008454521761204188
0.0008430658814210731
0.0008406928429881541
0.0008383388474870187
0.0008360030734195159
0.0008336695808057601
