0.020211909443853385
0.007881465058853017
0.006457106614525014
0.005787369063956306
0.005348355578694572
0.004994428495658522
0.004717529760772719
0.004489490794057542
0.004353178654143468
0.004194082005662804
0.004075756100343263
0.003941998832878915
0.003836000199489137
0.003766807038436069
0.0036766428500413896
0.0036222325370429045
0.0035159571324177878
0.0034997341267645676
0.0034145798137847415
0.0033439939192674577
0.0033038075418865428
0.0032645999458915695
0.0032180280781331214
0.0031531238294345266
0.0031501584250400675
0.0030742600961449615
0.0030815355935470854
0.003028818905512069
0.0030024167100720584
0.0029881013993253097
0.002954220233306764
0.0029419386699954244
0.0028981824455029787
0.002877184689203475
0.002869123865434147
0.002837170499495845
0.0028191010363677396
0.0027928710667456083
0.002770311843623665
0.002775441732336866
0.002738105186181975
0.002711176076666155
0.002704613452698005
0.002709287548180115
0.0026900415031358284
0.0026492688497726587
0.0026382308265075404
0.0026322835134936773
0.002631448509488651
0.0026017387496664168
