0.0022886823516022016
0.0022093443505892016
0.0021919523928056847
0.0021694723377995036
0.0021466372096217534
0.002131368230007827
0.0021409327488769083
0.002124546387014871
0.002121728399094749
0.002108405424935862
0.002109334360253304
0.002089990795703922
0.002079001030924314
0.002083752249327904
0.002078094815419234
0.0020732042305369645
0.002065190480169939
0.002041911329093211
0.0020418995287903446
0.00205000411332684
0.002045772042363248
0.002024465088083587
0.0020287405919937537
0.002024581197134041
0.0020126929402628797
0.002021824673531537
0.0020157845695800286
0.0020070295136897487
0.002003055121353332
0.001999669380862504
0.0019898176262591115
0.0019856304831882107
0.0019944296168916405
0.0019839989531666357
0.001984201206706781
0.0019780629973343397
0.0019655524341865107
0.001974726409621616
0.001975815455265779
0.0019720688536565036
0.0019718238707394043
0.001954382826435439
0.0019650940396922067
0.0019546109823846912
0.0019483174469837165
0.001955642248503864
0.001947676584600134
0.0019342435261313902
0.0019485141997760598
0.0019338609507069625
