0.002711543144083562
0.0025638118515068547
0.0025168625449642854
0.0024694545803829395
0.0024493000014348234
0.0024314150788841095
0.0024074263603208546
0.0023872661017911865
0.0023693663372777087
0.0023508868439053683
0.0023296567973026885
0.002314046255382214
0.002308404233128308
0.0022844291916315224
0.0022808863209223653
0.0022731285363911313
0.0022541540620372967
0.0022337323946363115
0.002234957607938571
0.002216038171281206
0.0022088579660123017
0.0021970253726318876
0.0021765040114839025
0.002173223187948795
0.0021975552526976357
0.002165907932980422
0.0021686930006290686
0.0021697532182480108
0.0021548948785726062
0.0021423036088929212
0.0021295272039269357
0.0021193742524198396
0.002123367668258304
0.002107246870551496
0.002111631062159196
0.0021078349031666494
0.0020808654450910524
0.0020811137782924985
0.00209406914407427
0.0020804482155499307
0.002069436584381347
0.002061794463921576
0.0020701663147539217
0.002053037610776881
0.002054161241060083
0.002060101316260927
0.0020593460743374963
0.0020429206697488243
0.0020364601749609757
0.002027429962292948
