4.647719907264448e-05
4.6297107584811124e-05
4.609524047598488e-05
4.5953097423668835e-05
4.57811172480211e-05
4.562318875774807e-05
4.547561763992507e-05
4.536332091465785e-05
4.5129614782240437e-05
4.501969788126939e-05
4.4925271350503097e-05
4.469460633092489e-05
4.452945282079752e-05
4.4476189297973766e-05
4.427903024121271e-05
4.41692192236171e-05
4.402819988826555e-05
4.391481308346854e-05
4.3752994543535767e-05
4.359129838763718e-05
4.353293025885128e-05
4.334337520911854e-05
4.325842184250734e-05
4.311841486772344e-05
4.3065207443982865e-05
4.290670842287645e-05
4.28153846717747e-05
4.271493398524395e-05
4.258075093063714e-05
4.2487982347493804e-05
4.229793865272422e-05
4.224556729183294e-05
4.214730772711078e-05
4.1997862404065754e-05
4.19380932112439e-05
4.1849078551102457e-05
4.175688101587272e-05
4.1666044107659654e-05
4.1552026043022534e-05
4.148191903849491e-05
4.135942837369964e-05
4.1253039657254226e-05
4.1197536422954686e-05
4.109392322302963e-05
4.093898485593882e-05
4.095636601310099e-05
4.0827625767001436e-05
4.072876869377742e-05
4.0677329659406026e-05
4.053014545163901e-05
