6.660027820492868e-05
6.49376976854069e-05
6.410873336410022e-05
6.337218389702128e-05
6.27344756067205e-05
6.210223978084764e-05
6.153657232519454e-05
6.106376059306308e-05
6.0545295865241666e-05
5.99136832659527e-05
5.9491026047375814e-05
5.90742391903145e-05
5.8584124957920964e-05
5.814152427459186e-05
5.776601520344765e-05
5.729383495963144e-05
5.694973305826949e-05
5.6518362738428314e-05
5.6141905646444404e-05
5.583246652162001e-05
5.54735713899415e-05
5.517628888272121e-05
5.4860166480488676e-05
5.443466127187773e-05
5.414666306470766e-05
5.384539270640716e-05
5.354293530082009e-05
5.329064637023823e-05
5.295402913395565e-05
5.263718807492844e-05
5.2408081619534546e-05
5.214074040745564e-05
5.182567024385301e-05
5.1669647559791626e-05
5.1404124569192585e-05
5.115752258069343e-05
5.083934972022419e-05
5.0717244133943634e-05
5.047398042962697e-05
5.0135999125913995e-05
5.0012488979200644e-05
4.97752768771968e-05
4.959488410221545e-05
4.930748293306299e-05
4.9113411840297185e-05
4.895112215344496e-05
4.868586117612068e-05
4.856294296294335e-05
4.836889496318372e-05
4.817705145466153e-05
