0.0012987849205872036
0.000340806544691411
0.0002627420520028857
0.00022455247426716963
0.00019960319456916898
0.0001819577420579209
0.00016819484348811172
0.00015727054168027056
0.0001479990296641054
0.00014027417487263253
0.00013357929017808546
0.0001279477361905066
0.00012268769132213724
0.00011807436170582689
0.00011443201883461771
0.00011046771913618353
0.00010724681639970459
0.00010402366850760565
0.00010139536203474417
9.878220479926133e-05
9.623081133096433e-05
9.398514807845454e-05
9.200760728208484e-05
8.995512568290233e-05
8.81877614884412e-05
8.640201515992612e-05
8.46099075012584e-05
8.308664606333919e-05
8.165000722088836e-05
8.017761433082666e-05
7.888589166341365e-05
7.753692189838024e-05
7.63841299517579e-05
7.523740674492582e-05
7.407600290365355e-05
7.300948838516622e-05
7.200228496683844e-05
7.100834799866101e-05
6.995221431986433e-05
6.909748608949093e-05
6.827553075294521e-05
6.740887567616449e-05
6.659906785056832e-05
6.579567076863206e-05
6.51240323502084e-05
6.435975115790554e-05
6.36640754328444e-05
6.293168490829806e-05
6.23468493711661e-05
6.168091966537614e-05
