2.8068128758325026e-05
2.8066732831156024e-05
2.806497487696246e-05
2.8065220508814e-05
2.8062538572927365e-05
2.8060539534915455e-05
2.805891513484172e-05
2.805777288113649e-05
2.805565684236801e-05
2.8055617556674406e-05
2.8053648397102595e-05
2.8050740450943033e-05
2.805060048838361e-05
2.8049285160914923e-05
2.8046828620762634e-05
2.8045589221829477e-05
2.8043730754199294e-05
2.8042811551131307e-05
2.804080362413795e-05
2.8037702328919505e-05
2.8036930475186986e-05
2.8035696494603492e-05
2.8033611266157375e-05
2.8034772253774393e-05
2.8032132406504108e-05
2.803072389416719e-05
2.8027603353481168e-05
2.8026526777046875e-05
2.802475837122004e-05
2.8024116799665186e-05
2.8022404589976827e-05
2.8020542444070228e-05
2.8018663082128533e-05
2.8016048998464473e-05
2.801594250866821e-05
2.8014125227435636e-05
2.8013485226368245e-05
2.8009815712441474e-05
2.800943222134195e-05
2.8006731986981603e-05
2.8007791967516264e-05
2.800410524874818e-05
2.8003286122559354e-05
2.800161129114433e-05
2.7999575442383784e-05
2.799879738169973e-05
2.7997095081865646e-05
2.799563677959108e-05
2.799332015946185e-05
2.7992453750742314e-05
2.7991595230280206e-05
2.7989836155589167e-05
2.7987922662689996e-05
2.7986292039993435e-05
2.7985297959485952e-05
2.798374339181464e-05
2.7981048884192625e-05
2.7980973726908606e-05
2.797870028566999e-05
2.7977475068137908e-05
2.797572843085688e-05
2.797539344129081e-05
2.7972582367230922e-05
2.7970506501822876e-05
2.796970733638423e-05
2.7967914251628547e-05
2.7966961963102223e-05
2.796575157956865e-05
2.7963303926159054e-05
2.7961597121947518e-05
2.7960590805518084e-05
2.795892551792069e-05
2.7957830146008816e-05
2.7955911704339088e-05
2.7953874595718494e-05
2.795196921663144e-05
2.795055928268434e-05
2.7949291715720813e-05
2.7948430806505853e-05
2.7946069961986863e-05
2.794373761683416e-05
2.794248582750487e-05
2.7941847874899395e-05
2.7940786719017734e-05
2.793897559996157e-05
2.7936609114896364e-05
2.793514710636093e-05
2.793481079704809e-05
2.793332922402232e-05
2.7930264356725206e-05
2.7928936841467824e-05
2.7927098784577817e-05
2.7925558407262614e-05
2.792499923984556e-05
2.792289735785184e-05
2.792022863958174e-05
2.792017177069703e-05
2.791817371885722e-05
2.7917410934326024e-05
2.791449384844432e-05
2.7914112566997154e-05
2.791249076947749e-05
2.7910680823529567e-05
2.790798413871716e-05
2.790886625790825e-05
2.7905368768887668e-05
2.7904442305533358e-05
2.7904707688251688e-05
2.7900839985634845e-05
2.7900877918000332e-05
2.7898676630194622e-05
2.789744847597411e-05
2.7895403851289304e-05
2.7894592022326274e-05
2.7893868216779082e-05
2.7889650094528824e-05
2.788990955853548e-05
2.7888416361887582e-05
2.7886566204520373e-05
2.7886003778593687e-05
2.7883363623494427e-05
2.7880641766107427e-05
2.7880542213097216e-05
2.7879460894977316e-05
2.787723253893021e-05
2.7876881527705475e-05
2.7874010639677112e-05
2.787331273430027e-05
2.786992897185533e-05
2.786839961593684e-05
2.7868890467708787e-05
2.7866757786026796e-05
2.786476551465547e-05
2.786351004257225e-05
2.786121845845348e-05
2.7860755991871254e-05
2.7858140636593676e-05
2.7857529355410056e-05
2.785642886794029e-05
2.7854789981994633e-05
2.785292621075104e-05
2.7850290605923734e-05
2.784897784015182e-05
2.784630937989837e-05
2.784660809377853e-05
2.7844410797115417e-05
2.7842641596530135e-05
2.7841730230228187e-05
2.784126766402131e-05
2.7838604019332425e-05
2.7838192956271366e-05
2.7836976684809017e-05
2.78350920147764e-05
2.7833254161613206e-05
2.7831197943529472e-05
2.7830049375412412e-05
2.782855938690213e-05
2.7827083048088334e-05
2.7824255906475277e-05
2.7824546107485032e-05
2.7822269912576304e-05
2.7820064950411997e-05
2.7819493985869204e-05
2.7818154945494966e-05
2.7816366641603125e-05
2.78139192042335e-05
2.781366812548815e-05
2.7812286787173854e-05
2.7810118278676573e-05
2.7809506592278083e-05
2.7806004480225965e-05
2.780593885332704e-05
2.780480019058674e-05
2.7802919154055418e-05
2.780019863992213e-05
2.77993327673847e-05
2.779838582165002e-05
2.7795937046623574e-05
2.77949322346383e-05
2.7792265381811796e-05
2.779278308018827e-05
2.7790171454678505e-05
2.7788932023283382e-05
2.7787430153694003e-05
2.778650262469175e-05
2.7784124512646277e-05
2.7783549517222966e-05
2.7781863140542276e-05
2.7780492848251015e-05
2.777844513856018e-05
2.77780202741269e-05
2.7776265792244184e-05
2.7773017645813525e-05
2.7773153983826676e-05
2.7771177828701463e-05
2.77685461870323e-05
2.7767818705447448e-05
2.776672906251266e-05
2.776574949026466e-05
2.7762731364838635e-05
2.7761989213803855e-05
2.77605826961987e-05
2.7758902026107536e-05
2.7758497120185685e-05
2.7756020818532516e-05
2.7753649119404146e-05
2.7753577932554227e-05
2.774960507835763e-05
2.7750243566025835e-05
2.7748437985652486e-05
2.7746764031829887e-05
2.774460110679054e-05
2.77437215397815e-05
2.77425271521609e-05
2.774171038226296e-05
2.7738981768309784e-05
2.7737163538963962e-05
2.773622314606865e-05
2.773364193406171e-05
2.7732891836561837e-05
2.7731340712097545e-05
2.773040365494895e-05
2.7728550469663998e-05
2.7728282685319966e-05
2.7726357956103478e-05
2.7724670922347844e-05
2.7723881227967258e-05
2.7720743849595938e-05
2.771962999115483e-05
2.7718008276469145e-05
2.7717376293507048e-05
2.7716187273304408e-05
2.7713024207444575e-05
2.771238703392625e-05
2.771015203884767e-05
2.7708241189919555e-05
2.770888185925567e-05
2.7706287632239626e-05
2.7704677768409824e-05
2.7704532382463534e-05
2.7701071112040574e-05
2.769907846008069e-05
2.7699313722013567e-05
2.7696350738271855e-05
2.76971784075543e-05
2.769523460581415e-05
2.7691945014969232e-05
2.7691928119076273e-05
2.7690393859722042e-05
2.7688623325397763e-05
2.7687583407476688e-05
2.7684231008886575e-05
2.7684883194384524e-05
2.7683150106055948e-05
2.7681506316114863e-05
2.7680243178530453e-05
2.7678997634211554e-05
2.7676386933308094e-05
2.7673681012507028e-05
2.7672629884014337e-05
2.767126433564744e-05
2.7669679839164018e-05
2.7669102060966766e-05
2.7666889099726597e-05
2.7665349743284213e-05
2.766425544485593e-05
2.7664139560119322e-05
2.7659771205015624e-05
2.7659220905311835e-05
2.7657521252806942e-05
2.7656814357704627e-05
2.7654966132384008e-05
2.7652628671673414e-05
2.7651001477631955e-05
2.7649992907334726e-05
2.7648072611415185e-05
2.76481109053398e-05
2.7646110001324604e-05
2.7646459005504418e-05
2.7643966618388033e-05
2.7643077138166588e-05
2.764021861702741e-05
2.763967145494042e-05
2.7638523326738954e-05
2.7636788097040082e-05
2.763514438097795e-05
2.7634351049737934e-05
2.76305560775934e-05
2.7629610370450582e-05
2.7629901158014454e-05
2.762754248508897e-05
2.7624219769047787e-05
2.7624122295842075e-05
2.762258840364386e-05
2.7620773480381242e-05
2.761980168669162e-05
2.761840223012349e-05
2.7616606519306795e-05
2.761556135038308e-05
2.761489447976391e-05
2.7610857133717777e-05
2.7611406777466004e-05
2.7610206931757813e-05
2.7606681401196582e-05
2.7607030062846698e-05
2.7605170832920032e-05
2.7603806667544773e-05
2.7602359137605303e-05
2.7601076319115238e-05
2.759921031807048e-05
2.759770856153829e-05
2.7595947456295388e-05
2.7594912951686777e-05
2.759266415355691e-05
2.7592125478594637e-05
2.7591469240947985e-05
2.758879936524094e-05
2.758841575660671e-05
2.7586234939427904e-05
2.7585400875138407e-05
2.7582381554216575e-05
2.758184585008376e-05
2.757841270739356e-05
2.757765849505981e-05
2.757661052657148e-05
2.7575278730812268e-05
2.7574578734437147e-05
2.7572573019334903e-05
2.757052379848364e-05
2.7568954611734415e-05
2.7567171097661442e-05
2.756795595632866e-05
2.756563323782757e-05
2.7563808836230936e-05
2.756200731696131e-05
2.7560465594153635e-05
2.755912686272775e-05
2.755807527640942e-05
2.7555960205902992e-05
2.7554510472467744e-05
2.755226788128941e-05
2.755109987069423e-05
2.7550310719212016e-05
2.754946625030313e-05
2.754875717801042e-05
2.754609401633318e-05
2.7544340940389354e-05
2.7543689876508256e-05
2.7541885862144856e-05
2.7539706262849414e-05
2.7538604395186456e-05
2.7537477077343143e-05
2.75348928967455e-05
2.753400471052513e-05
2.753262877321014e-05
2.753142752827933e-05
2.752998964569997e-05
2.7528176070728267e-05
2.7527047147696767e-05
2.7525020411793287e-05
2.752367810171563e-05
2.7522556644936022e-05
2.7521361207338765e-05
2.7520702530567246e-05
2.751741859649953e-05
2.7517558892633624e-05
2.7515281587301826e-05
2.7512993685936984e-05
2.7511982239397743e-05
2.7511281758331908e-05
2.750974642829253e-05
2.7508355083857447e-05
2.7506290805132057e-05
2.7505075525438698e-05
2.7503957684250334e-05
2.7502153131466073e-05
2.750017305236095e-05
2.7499315230390773e-05
2.7496799457227238e-05
2.749425876167012e-05
2.7493391716584133e-05
2.74933107754735e-05
2.7492632699879603e-05
2.749002737646851e-05
2.748858641895752e-05
