2.8068128597134582e-05
2.8066732824439757e-05
2.8064974813157906e-05
2.80652205446341e-05
2.8062538741953457e-05
2.806053941850013e-05
2.8058915073275923e-05
2.80577728296451e-05
2.8055657021468506e-05
2.8055617476079184e-05
2.8053648371356896e-05
2.8050740504673182e-05
2.8050600291373065e-05
2.804928518554124e-05
2.8046828558077463e-05
2.8045589446824474e-05
2.8043730906434717e-05
2.8042811551131307e-05
2.8040803850252325e-05
2.80377024621255e-05
2.8036930555782208e-05
2.8035696593108766e-05
2.8033611266157375e-05
2.803477220899927e-05
2.803213259455963e-05
2.8030724180727982e-05
2.8027603478851514e-05
2.802652680391195e-05
2.8024758291744197e-05
2.8024116944064958e-05
2.8022404323564843e-05
2.8020542506755403e-05
2.8018663297049127e-05
2.8016048962644375e-05
2.801594243702801e-05
2.8014125210085274e-05
2.801348520062255e-05
2.8009815757216598e-05
2.8009432292982148e-05
2.8006731879521305e-05
2.8007791886921042e-05
2.800410521404746e-05
2.8003285846072967e-05
2.800161129002495e-05
2.799957590748538e-05
2.7998797659305498e-05
2.7997095198280966e-05
2.7995636931266815e-05
2.7993320384456847e-05
2.799245387611266e-05
2.7991595365724955e-05
2.798983611864969e-05
2.7987922725375167e-05
2.7986292039993435e-05
2.798529799530605e-05
2.798374342763474e-05
2.7981049103590733e-05
2.798097366422343e-05
2.797870046253173e-05
2.7977474951722587e-05
2.797572827862146e-05
2.797539323532524e-05
2.7972582544092662e-05
2.7970506286902283e-05
2.7969707578169897e-05
2.7967914271777354e-05
2.796696199220605e-05
2.7965751695983973e-05
2.7963303968695422e-05
2.7961597248437242e-05
2.796059057268744e-05
2.795892544180298e-05
2.7957830343019362e-05
2.795591170321971e-05
2.795387469310439e-05
2.795196923230273e-05
2.7950559228954192e-05
2.7949291600424867e-05
2.794843063636038e-05
2.794607010974477e-05
2.7943737661609283e-05
2.794248593552486e-05
2.794184804280611e-05
2.7940786612676814e-05
2.7938975385040977e-05
2.793660901639109e-05
2.7935147079495856e-05
2.793481086085264e-05
2.7933329438942914e-05
2.7930264320905104e-05
2.79289367866183e-05
2.7927098641297423e-05
2.792555848561908e-05
2.7924999178279763e-05
2.7922897348896817e-05
2.7920228665327437e-05
2.792017177069703e-05
2.791817358453185e-05
2.7917410916415976e-05
2.791449368501512e-05
2.7914112602817252e-05
2.7912490531049956e-05
2.7910680904124793e-05
2.7907983934990344e-05
2.7908866509768324e-05
2.7905368715157518e-05
2.790444235030848e-05
2.790470756400072e-05
2.7900840093095143e-05
2.7900877953820434e-05
2.7898676621239597e-05
2.78974485274655e-05
2.7895403779649103e-05
2.789459209396647e-05
2.789386863654587e-05
2.7889650236689843e-05
2.788990961282532e-05
2.7888416335022506e-05
2.78865662235498e-05
2.7886003678969036e-05
2.7883363670508306e-05
2.7880641759391157e-05
2.788054220526157e-05
2.7879460860276596e-05
2.7877232632957973e-05
2.7876881679940898e-05
2.787401080982258e-05
2.787331284176057e-05
2.7869929125210126e-05
2.7868399724516516e-05
2.7868890584124108e-05
2.7866757893487095e-05
2.7864765586295666e-05
2.7863510175778245e-05
2.786121872934298e-05
2.7860756054556425e-05
2.785814043006842e-05
2.7857529391230154e-05
2.7856428788464444e-05
2.78547901778858e-05
2.7852926291346262e-05
2.7850290676444553e-05
2.784897762523122e-05
2.7846309336242623e-05
2.7846608272879027e-05
2.7844410887785042e-05
2.7842641498024862e-05
2.7841730230228187e-05
2.784126758342609e-05
2.7838604127352412e-05
2.783819303686659e-05
2.7836976737419788e-05
2.783509206850655e-05
2.7833253821322263e-05
2.7831197837188555e-05
2.783004935750236e-05
2.7828559411528448e-05
2.7827083004432588e-05
2.782425589975901e-05
2.7824545982114683e-05
2.7822269957351428e-05
2.7820064959367022e-05
2.7819493887363934e-05
2.781815497124066e-05
2.7816366552052877e-05
2.7813919312813177e-05
2.7813668018027853e-05
2.7812286858814054e-05
2.7810118332406722e-05
2.7809506360566816e-05
2.7806004310080495e-05
2.78059388555658e-05
2.78048003204346e-05
2.7802919030923828e-05
2.7800198486567333e-05
2.7799332695744502e-05
2.7798385829485667e-05
2.779593676006278e-05
2.7794932337621083e-05
2.779226542602723e-05
2.7792782891013375e-05
2.779017153415435e-05
2.7788931896793655e-05
2.7787430124590174e-05
2.7786502427121518e-05
2.7784124432051052e-05
2.7783549535133017e-05
2.7781863382327943e-05
2.7780492666911765e-05
2.777844527288555e-05
2.7778020417407298e-05
2.777626600716478e-05
2.7773017592083375e-05
2.777315415397215e-05
2.7771177524230622e-05
2.7768546025841856e-05
2.776781894499436e-05
2.776672903452821e-05
2.776574944325078e-05
2.7762731570804206e-05
2.7761989293839388e-05
2.7760582625118193e-05
2.7758901953347958e-05
2.7758497084365583e-05
2.775602087002391e-05
2.7753648841798378e-05
2.775357797788904e-05
2.7749605088432032e-05
2.775024357498086e-05
2.7748438083038378e-05
2.774676404078491e-05
2.7744601079925464e-05
2.7743721619257345e-05
2.7742527487974327e-05
2.7741710615093605e-05
2.7738981704505232e-05
2.7737163555754635e-05
2.7736223249051434e-05
2.773364205047703e-05
2.7732891955215913e-05
2.773134053299705e-05
2.7730403663903976e-05
2.7728550612944392e-05
2.7728282797257775e-05
2.772635783856878e-05
2.7724670993428356e-05
2.7723881219012232e-05
2.7720743661540417e-05
2.7719630071750054e-05
2.771800814997942e-05
2.7717376411041746e-05
2.7716187228529284e-05
2.7713024235429026e-05
2.7712387024411537e-05
2.7710152082503414e-05
2.7708241169770748e-05
2.7708881966715965e-05
2.7706287506869276e-05
2.770467783053531e-05
2.7704532597384128e-05
2.77010710851755e-05
2.7699078433215618e-05
2.7699313605598247e-05
2.7696350729316833e-05
2.7697178534044024e-05
2.7695234560479338e-05
2.7691945030640524e-05
2.7691927910871946e-05
2.769039388658712e-05
2.7688623354501592e-05
2.7687583461206837e-05
2.7684231035751648e-05
2.7684883230204622e-05
2.768315032209592e-05
2.768150650417038e-05
2.768024309793523e-05
2.7678997723761802e-05
2.7676386709432475e-05
2.7673681084147225e-05
2.767262976983777e-05
2.767126455952306e-05
2.7669679759688173e-05
2.7669101955745227e-05
2.7666889045996448e-05
2.7665349564183718e-05
2.7664255291501133e-05
2.7664139667579617e-05
2.7659771321430944e-05
2.7659221173962578e-05
2.7657521358028485e-05
2.7656814536805122e-05
2.765496631260388e-05
2.765262860898824e-05
2.7651001353380986e-05
2.764999279987443e-05
2.7648072441269716e-05
2.764811102175512e-05
2.764611024422965e-05
2.7646459059234564e-05
2.764396674375838e-05
2.7643077243388128e-05
2.7640218473747014e-05
2.7639671499715544e-05
2.7638523336813354e-05
2.763678801700455e-05
2.76351444347081e-05
2.7634350907017226e-05
2.7630556221433487e-05
2.7629610639101325e-05
2.762990088040869e-05
2.7627542576877973e-05
2.762421994870797e-05
2.7624122394347348e-05
2.762258817081322e-05
2.762077339978602e-05
2.7619801562440653e-05
2.761840208684309e-05
2.7616606429756547e-05
2.7615561359338106e-05
2.7614894345438538e-05
2.761085689193211e-05
2.761140662523058e-05
2.761020685116259e-05
2.760668136761524e-05
2.7607030098666796e-05
2.7605170895605204e-05
2.760380656847981e-05
2.7602359254020624e-05
2.7601076236281257e-05
2.759921029344416e-05
2.7597708669558274e-05
2.7595947626440858e-05
2.7594913141981053e-05
2.759266410206552e-05
2.759212543493889e-05
2.759146928460373e-05
2.758879939994166e-05
2.7588415513701667e-05
2.7586234917040342e-05
2.7585400961330518e-05
2.7582381454591927e-05
2.7581845919485205e-05
2.7578412429787793e-05
2.7577658323794963e-05
2.7576610687761927e-05
2.757527874200605e-05
2.757457882622615e-05
2.7572573188360995e-05
2.757052370949308e-05
2.756895480986434e-05
2.756717125773251e-05
2.7567955830958313e-05
2.7565632989325633e-05
2.7563809079135984e-05
2.7562007281141213e-05
2.7560465629973737e-05
2.7559126808997603e-05
2.7558075259618747e-05
2.7555960494702538e-05
2.7554510436647642e-05
2.7552267926064533e-05
2.7551099691593733e-05
2.755031079980724e-05
2.7549466301794524e-05
2.7548757069430744e-05
2.7546094096928407e-05
2.7544340922479303e-05
2.75436900735188e-05
2.7541886005425253e-05
2.753970652254513e-05
2.7538604583241976e-05
2.7537476870258194e-05
2.753489279600147e-05
2.7534004656794984e-05
2.753262862097472e-05
2.753142746559416e-05
2.75299894755545e-05
2.752817606177324e-05
2.7527046941731195e-05
2.7525020565148083e-05
2.752367800321036e-05
2.752255679717144e-05
2.7521361120027276e-05
2.7520702602207447e-05
2.7517418605454554e-05
2.751755891054367e-05
2.7515281591779337e-05
2.7512993927722654e-05
2.7511982374282803e-05
2.7511281876985987e-05
2.75097464708289e-05
2.7508355099528742e-05
2.750629086781723e-05
2.750507554334875e-05
2.7503957702160385e-05
2.7502153069900276e-05
2.750017328743035e-05
2.749931513860177e-05
2.7496799404616466e-05
2.7494258627344748e-05
2.7493391644943936e-05
2.749331073853402e-05
2.74926328890545e-05
2.7490027242143138e-05
2.748858643686757e-05
