1.919985874579955e-05
1.9110688154289755e-05
1.9043421487779774e-05
1.901327544913322e-05
1.8977351362658733e-05
1.892404421462738e-05
1.891192279013101e-05
1.8869374967427532e-05
1.886748449677954e-05
1.882651823520773e-05
1.8810767827611372e-05
1.8781888246005508e-05
1.8761872802521024e-05
1.8748009710992997e-05
1.8737334137398774e-05
1.870395018750995e-05
1.8679140212269033e-05
1.8666006618013504e-05
1.8632761080697065e-05
1.862792412995058e-05
1.8632122896083e-05
1.8607778310626882e-05
1.8595899664779165e-05
1.8576498927999216e-05
1.85593102042364e-05
1.854540013893832e-05
1.85562586136722e-05
1.852827640202029e-05
1.8515780154082993e-05
1.8510167120697483e-05
1.8487005124345387e-05
1.8484102482711104e-05
1.8465016943970753e-05
1.843589321437428e-05
1.845519312056326e-05
1.8417919323596748e-05
1.8416215938472176e-05
1.8408627273464447e-05
1.839335917594305e-05
1.8375265456035638e-05
1.836994038628484e-05
1.836794050198094e-05
1.8328356882645375e-05
1.83555818429191e-05
1.8326137881663403e-05
1.8322894031517327e-05
1.82958873493078e-05
1.8302001297938853e-05
1.830032837377169e-05
1.8275226093963162e-05
