0.014308895162951488
0.006302604098732655
0.004945047347018352
0.004023089166444081
0.0033858556300401686
0.0029473276864737273
0.0026410045470469275
0.0024198422501436794
0.0022524981180635784
0.0021201544921272074
0.0020121323878948506
0.0019210032193133465
0.0018426034999294923
0.0017735455317709307
0.0017123965700515187
0.0016572474083648278
0.0016071072433573696
0.0015611232235454597
0.0015185973628495748
0.0014792019229812117
0.0014424777927880103
0.0014077803677377792
0.0013751539417470877
0.0013445340253126162
0.0013155606436328247
0.0012879140832676337
0.0012618379365079678
0.0012370189554416215
0.0012132121073798491
0.0011906342146058495
0.0011691973354094303
0.0011485864469924798
0.0011290402467577503
0.001110226629803387
0.0010923838599656637
0.0010752592181357053
0.0010588200139598205
0.0010431189251920352
0.0010280760364750256
0.001013516498514666
0.000999553452604092
0.0009861803241432287
0.0009732844709203793
0.0009608708220319106
0.0009488551636727957
0.0009372539087556875
0.0009260799873333711
0.0009152541326072353
0.0009047031244621254
0.0008946071461272927
0.0008847944097450147
0.0008751837114731852
0.0008659625412323154
0.0008568695367743763
0.0008481405338702293
0.0008395954119757964
0.0008312491412059619
