0.014308895096182822
0.006302604098732655
0.00494504734615867
0.004023089156127893
0.0033858556493830223
0.002947327677303782
0.0026410045516319
0.0024198422524361655
0.002252498132893099
0.002120154490479483
0.0020121323791547465
0.0019210032129373688
0.001842603503798063
0.0017735455346365387
0.0017123965722723648
0.0016572474060723415
0.0016071072354769478
0.0015611232196768889
0.0015185973667897856
0.001479201937882373
0.0014424777790330923
0.0014077803700302655
0.001375153946905182
0.001344534017217274
0.001315560643059703
0.0012879140987419166
0.0012618379343587618
0.0012370189463433165
0.0012132121085260924
0.0011906342134596064
0.0011691973394212815
0.0011485864457745965
0.0011290402510561622
0.0011102266335286774
0.001092383859392542
0.0010752592181357053
0.001058820018508973
0.0010431189342903404
0.0010280760365466658
0.0010135164979057244
0.0009995534531772137
0.000986180315259844
0.0009732844744307491
0.0009608708249333386
0.0009488551673980859
0.0009372539156689666
0.0009260799910944814
0.0009152541391623135
0.0009047031230651415
0.000894607136097665
0.0008847944031899365
0.0008751837138014917
0.0008659625343906765
0.000856869538457921
0.0008481405246286439
0.0008395954145190234
0.0008312491359045872
