0.010010771412402392
0.0037902730820843808
0.0027431346900188007
0.002300768815697386
0.002040976401633368
0.0018567660913014641
0.0017155710825553308
0.001599955797410355
0.0015029878306847353
0.0014185923320026352
0.0013445546809010781
0.001278815121927227
0.0012191281935128456
0.0011658780818733457
0.001117223795539198
0.0010731635973430596
0.0010329569866164372
0.0009959640291232902
0.0009620440803611508
0.0009308332786178932
0.0009020572371709233
0.000875633158434469
0.0008508416806132748
0.0008278235469658215
0.0008063975705478627
0.0007863037336187867
0.0007674014767130407
0.000749750721304176
0.0007331217430675259
0.0007173567322584299
0.0007023998702016587
0.0006882262454511454
0.0006747525734289621
0.0006618661236985085
0.0006495778049843816
0.0006379045036334831
0.00062660173787019
0.0006158559955835629
0.0006054243922520142
0.0005955035808281257
0.0005859678723992637
0.0005766882151902582
0.0005677195196756376
0.0005591242184969955
0.0005508063785695973
0.0005428595593414055
0.0005350611352612479
0.0005274934698290264
0.0005202099614991591
0.000513143131437783
0.0005062949404729387
0.0004996294286102056
0.0004931926566283576
0.00048689526971429587
0.00048078623003899477
0.0004748704905370967
0.00046912920935294377
0.000463477433909877
0.0004580465437880216
0.00045276739113391017
0.0004475500359414862
0.00044255391970420113
0.0004376327723193054
0.00043281699892563317
0.0004281550659260784
0.0004236045924301904
0.00041918490562014855
0.00041479499521665275
0.0004105618971113402
0.0004064157550366452
0.0004023769634883278
0.00039841584698297085
0.00039458906788450594
0.0003908135699860465
0.0003871156604279979
0.00038348799204238906
0.0003799636889464007
0.00037650281864290056
0.00037311289792593856
0.00036977264774031937
0.0003665371438345084
0.0003633542953309818
0.00036023611304923317
0.00035715802153572443
0.00035418859249554
0.00035125242902610737
0.00034836159964414455
0.0003455402042913752
0.0003427754696010827
0.00034007371446261037
0.00033738633093889804
0.00033476990385231776
0.00033219046726858673
0.00032968280990070735
0.00032717750602974914
0.00032475994038395586
0.0003223328133239053
0.0003200037730051778
0.0003176924905363614
0.0003154430060575788
0.0003131882482244132
0.0003110197233663012
0.0003088405932693814
0.0003067197336976488
0.00030464525081109827
0.00030259923233937183
0.0003005687583219976
0.0002985778165031941
0.00029663294774945825
0.0002946921519200819
0.0002927960832245075
0.0002909366051720169
0.00028909659346279044
0.0002872922761509052
0.0002854978011813588
0.0002837424153694883
0.0002820195621327282
0.00028033085095767793
0.00027864792645693973
0.00027699944346498413
0.00027537193501260706
0.00027376726634191495
0.000272187274773247
0.0002706101559765207
0.0002690865744639618
0.00026755887129379865
0.00026605997927701817
0.00026460949672708434
0.0002631555870981314
0.00026170292796674543
0.0002602983770283082
0.0002589123897845499
0.0002575189779655865
0.0002561723476705643
0.00025483277356789374
0.0002535081214378946
0.00025219524577439116
0.00025091189035895067
0.0002496441169731462
0.0002483707623860727
0.0002471354643706805
0.0002459379731802843
0.0002446961937418494
0.00024352463855981254
0.00024233028157435071
0.0002411723513997948
0.00024001794140965032
0.00023889637286237511
0.00023776066351610306
0.0002366590426894478
0.00023556764769511155
0.00023450072969381626
0.00023342171245111296
0.00023236510873987125
0.0002313269117148593
0.00023029121324921457
0.00022926695238297375
0.00022826862265355884
0.00022726559641663557
0.00022628728738233734
0.0002253130702749611
0.0002243460359123464
0.00022339627294478795
0.00022245703019703236
0.00022152307509587933
0.00022060235467954325
0.00021969075486637078
0.00021879945130338175
0.0002179091234709351
0.00021702319308399007
0.00021614533823986466
0.00021528676837288702
0.00021443583004069155
0.0002135915329429106
0.00021275633149959433
0.0002119258607361609
0.00021109475848229173
0.00021028387989813032
0.00020950203887724246
0.00020870427826706034
0.00020791196851776197
0.00020712808766760505
0.00020636383495114456
0.00020559761769030815
0.00020483257743315054
0.00020409280637529893
0.00020334450474295479
0.00020261457645728324
0.0002018833354008026
0.000201164224722351
0.00020044800464529545
0.00019973433855025526
0.00019904541594979283
0.0001983407819374966
0.0001976699024761239
0.0001969798975176393
0.00019630630211367345
0.0001956275869653417
0.00019495866600818072
0.0001943145909686931
0.00019365875858168763
0.00019301056197414603
0.0001923641409823456
0.00019172388225650557
0.00019108302518277645
0.00019048042045995736
0.0001898418392520398
0.00018924269164339282
0.00018863465666072444
0.00018802319023346242
0.0001874256139048017
0.0001868254657736263
0.0001862222192889581
0.00018564722639096613
0.0001850684120839175
0.00018448243513613795
0.0001839162911861562
0.00018333691995716295
0.00018277980237661932
0.0001822207936963353
0.00018167136157325542
0.0001811219318277346
0.00018056793405244557
0.00018002968782988878
0.0001794913803325751
0.00017895057761164096
0.00017842352185666992
0.00017789574317150534
0.00017736899975436525
0.00017685935272871014
0.0001763428616238973
0.00017582196325887568
0.0001753155409779328
0.00017480984142121788
0.00017430578420261065
0.00017380313043787073
0.00017330994446708176
0.0001728161436666806
0.00017233838444092095
0.00017184373749366317
0.00017137300268334983
0.00017088930151658134
0.0001704098010265555
0.0001699384735368837
0.00016946907656697127
0.000169005551850065
0.00016854055309130882
0.0001680782730019508
0.00016762523061166016
0.00016716600539914977
0.0001667176080384077
0.00016626842378173024
0.00016581886700050045
0.00016538170958833339
0.00016493650290738934
0.00016449673051605575
0.00016406921481785294
0.00016363967635865825
0.0001632019151136494
0.0001627738031406457
0.0001623549544870352
0.00016193080854226048
0.0001615138280680045
0.00016109602375833604
0.0001606805490132851
0.0001602654173710527
0.00015985831823379088
0.00015944368650581544
0.0001590456602548679
0.00015864512665071884
0.00015824397567820806
0.00015784378464853106
0.00015744567991574654
0.00015705054436022272
0.0001566526618374225
0.0001562706430290396
0.0001558913623717112
0.00015550020846645705
0.00015511986859984554
0.000154729928897443
0.0001543681222694711
0.00015397853371597683
0.0001536016816703173
0.000153239571596854
0.00015286717650283557
0.0001524986335515188
0.0001521308853989467
0.00015176388668344142
0.00015140776190226182
0.0001510357909406034
0.0001506784425224536
0.00015032342437636822
0.00014996967163348856
0.00014960980352659065
0.00014926048050312182
0.00014891525738550208
0.00014856544473262217
0.00014821794540442238
0.00014786638390684788
0.00014753119780932768
0.00014719234867684113
0.0001468487909430853
0.00014651483678384327
0.0001461834310634563
0.000145849624751673
0.0001455099636536593
0.00014517802484064865
0.00014485461834836034
0.00014452466653445018
0.00014420108141180557
0.000143872820006576
0.00014355100908925613
0.00014323069042830656
0.0001429108289571909
0.00014259108496704497
0.00014227390877204015
0.00014196089696801769
0.0001416503595582281
0.00014132834987070126
0.00014102147191386814
0.00014071739247838896
0.00014040889400684345
0.00014010927309013473
0.00013979735149321362
0.00013949635537126317
0.00013919158862867894
0.0001388939978250374
0.00013859153640134118
0.00013829100710035375
0.00013800121038758125
0.00013769873209709587
0.0001374041800870775
0.00013711409275688662
0.00013682452771060456
0.00013653989842322725
0.00013624460955795188
0.00013596226773762073
0.0001356747510144487
0.00013538923530499093
0.00013511227363219056
0.00013482825523421455
0.0001345424832409033
0.00013426472481716282
0.0001339838462254892
0.00013370867672179325
0.00013343931405912512
0.00013316172922853953
0.0001328833866640567
0.0001326044871328542
0.00013234157977142156
0.00013207471774120887
0.000131806625756256
0.00013153834336956678
0.0001312712494445105
0.00013100519337995838
0.00013074290641816334
0.00013048314301368708
0.00013021739681537908
0.00012995689767502391
0.00012969984976091207
0.00012943332123820884
0.0001291781495540188
0.00012891971106336524
0.00012866517811422595
0.000128413858375727
0.0001281625555577473
0.00012790493761601212
0.00012766008941868606
0.0001274092934282425
0.00012715643569558428
0.0001269095473197432
0.00012666572481304263
0.00012641814978829084
0.00012617276762970364
0.00012593707891378123
0.00012568633922357828
0.00012544871054482289
0.00012520015488665264
0.00012496154069846784
0.0001247193605992764
0.000124486938969662
0.00012424681385835777
0.00012401453339799237
0.00012378588295989455
0.0001235475753335497
0.0001233144307983681
0.00012308505890765584
0.0001228486511972733
0.0001226202789783621
0.0001223910435443171
0.00012216127688924853
0.00012193201846317746
0.00012170454276313718
0.00012148273629225934
0.00012125407491112128
0.00012103000352194963
0.0001208091910632972
0.00012058817132268674
0.00012036314205033704
0.00012014825013018428
0.00011992451681558473
0.00011971149515235223
0.00011948903558256391
0.00011926612447803983
0.00011905355739425151
0.00011883618720234014
0.00011861273849633737
0.00011840955802920059
0.00011820108213354475
0.0001179788648777713
0.00011777099368359464
0.00011756195020503722
0.00011735715713047494
0.00011714384138422946
0.00011693363901800835
0.00011672767023824585
0.00011652234278601379
0.00011631792520011703
0.000116105498392314
0.00011590535848294027
0.00011570491501613735
0.00011549609746837702
0.00011529718504215662
0.00011509646933812362
0.00011489907997355869
0.00011469222148969913
0.00011449743327774251
0.00011429854019437558
0.00011409789247689053
0.00011390242215174322
0.00011370361690373661
0.00011350769391999794
0.00011331512686760667
0.0001131147779390001
0.00011292634655434925
0.00011273927017240427
0.00011254186273212186
0.00011235219558091977
0.00011215842530901472
0.00011197031917086301
0.00011178135644429578
0.00011159415691732788
0.0001114069838278318
0.00011121630724609041
0.0001110329322960192
0.00011084579992054317
0.00011065757340894868
0.00011047164219780826
0.0001102885242166499
0.0001101070265173733
0.00010992466632608109
0.00010974638327472628
0.00010956482377906258
0.00010937663191445889
0.00010920304091324887
0.00010902089404407889
