0.010010771402372763
0.003790273072054753
0.00274313469345753
0.0023007688184197134
0.0020409763946126285
0.0018567660867881317
0.0017155710781136385
0.0015999557934701443
0.0015029878351980677
0.0014185923347249628
0.0013445546828353635
0.0012788151252943164
0.001219128195876972
0.0011658780824106473
0.0011172237930317911
0.0010731635917551243
0.0010329569877985006
0.0009959640262218621
0.0009620440818297748
0.0009308332837401675
0.0009020572352366378
0.0008756331564643635
0.0008508416802908939
0.000827823549007567
0.0008063975716582857
0.0007863037316845013
0.0007674014785756858
0.0007497507243488843
0.000733121743819748
0.0007173567383836669
0.0007023998671927704
0.0006882262469914098
0.0006747525723543591
0.0006618661241820799
0.0006495778043217097
0.000637904505030467
0.000626601739320904
0.0006158559997207844
0.0006054243913206917
0.0005955035824758503
0.0005859678738857978
0.0005766882126470312
0.0005677195199621985
0.0005591242162761494
0.0005508063794830097
0.0005428595541833111
0.0005350611356015389
0.0005274934693275449
0.0005202099620364607
0.0005131431314915132
0.0005062949413863513
0.0004996294259236982
0.0004931926551597336
0.0004868952747111997
0.0004807862281584396
0.00047487048992815497
0.0004691292086902719
0.0004634774338740569
0.0004580465435014608
0.00045276739068615896
0.00044755003411466114
0.00044255391866541825
0.00043763277237303557
0.00043281699768983974
0.0004281550657111578
0.0004236045918749789
0.0004191849060320797
0.0004147949951271025
0.00041056189698596986
0.0004064157555381266
0.0004023769642226398
0.0003984158456397171
0.00039458906766958536
0.0003908135705949882
0.00038711566171752143
0.0003834879919170187
0.0003799636896090725
0.00037650281737128705
0.0003731128981587692
0.00036977264664780636
0.00036653714335093703
0.00036335429559963253
0.0003602361139805558
0.0003571580226998776
0.0003541885926030003
0.0003512524298320596
0.00034836159829193584
0.0003455402046853963
0.0003427754692428817
0.0003400737123581796
0.0003373863300881707
0.00033476990480155037
0.00033219046691038574
0.00032968280967683174
0.0003271775057521434
0.00032475993992724957
0.0003223328155537064
0.00032000377351561416
0.0003176924908497872
0.0003154430059142984
0.0003131882483050084
0.00031101972417225347
0.00030884059302759573
0.00030671973490657716
0.00030464525061408773
0.00030259923145282443
0.00030056875951301593
0.0002985778169330353
0.0002966329484210851
0.00029469215205440725
0.0002927960852572981
0.00029093660811822
0.0002890965931672746
0.00028729227614195015
0.00028549780148582964
0.0002837424153426232
0.0002820195621595933
0.00028033084914876294
0.00027864792834644993
0.00027699944406497077
0.0002753719353887181
0.0002737672673180126
0.00027218727565979443
0.0002706101570511237
0.0002690865755116997
0.00026755887158035947
0.00026605997940238853
0.00026460949691513985
0.00026315558644441457
0.00026170292787719516
0.0002602983781118662
0.00025891238974872974
0.0002575189768372533
0.0002561723468914771
0.00025483277280671665
0.00025350812206474633
0.00025219524623109745
0.0002509118904574559
0.00024964411608659876
0.0002483707632368001
0.0002471354637796489
0.00024593797388773126
0.0002446961931866379
0.00024352463776281533
0.0002423302823623929
0.00024117235066548276
0.000240017940926079
0.0002388963728534201
0.0002377606630862619
0.0002366590416417099
0.0002355676473548206
0.00023450072926397506
0.0002334217130421446
0.00023236510784436877
0.0002313269118223196
0.0002302912127119131
0.00022926695157702152
0.00022826862305653497
0.00022726559731213805
0.00022628728764203306
0.00022531306979138978
0.00022434603540190997
0.00022339627319552865
0.00022245702936421507
0.0002215230760898871
0.00022060235508251935
0.00021969075500965119
0.00021879945100786594
0.0002179091232112394
0.000217023193424281
0.00021614533913536714
0.0002152867700922518
0.00021443583062276817
0.00021359153323842643
0.00021275633272643273
0.00021192586205254953
0.00021109475781961988
0.00021028387983544516
0.0002095020382414357
0.00020870427630590991
0.00020791196873268255
0.00020712808640494657
0.00020636383540785082
0.00020559761689331095
0.0002048325787584942
0.0002040928066887248
0.00020334450403550783
0.00020261457594684682
0.00020188333564258824
0.00020116422408654426
0.00020044800479753085
0.00019973433958903815
0.0001990454159766579
0.0001983407805942429
0.00019766990351042924
0.00019697989814449103
0.00019630630273157013
0.00019562758641460768
0.00019495866624101137
0.00019431459062840215
0.00019365875768618515
0.00019301056230548196
0.00019236414038235894
0.00019172388292365493
0.00019108302430518402
0.00019048042102860145
0.00018984183978038626
0.00018924269036282428
0.00018863465662938183
0.00018802319013943466
0.0001874256142674802
0.00018682546613182728
0.00018622222018446056
0.00018564722596112497
0.00018506841130483035
0.00018448243478689198
0.00018391629111003848
0.00018333691983627012
0.0001827798018258853
0.0001822207933381343
0.00018167136100013381
0.00018112193181877957
0.0001805679347509375
0.0001800296870060265
0.0001794913805474957
0.00017895057825640274
0.00017842352173577707
0.00017789574373119438
0.0001773690003498744
0.00017685935298392835
0.00017634286109107332
0.00017582196332603837
0.0001753155408704725
0.0001748098412197298
0.0001743057840414202
0.00017380313047816833
0.00017330994463274972
0.00017281614342937247
0.00017233838422152286
0.00017184373723396745
0.00017137300241469908
0.00017088930068376402
0.0001704098013534139
0.00016993847420851055
0.00016946907641473584
0.00016900555284407275
0.0001685405521107336
0.00016807827261688474
0.00016762522995794336
0.00016716600551108758
0.00016671760747871862
0.00016626842375038766
0.00016581886660647937
0.00016538170956146832
0.00016493650298798456
0.0001644967297683112
0.00016406921475964527
0.00016363967690491475
0.00016320191482708862
0.00016277380248692889
0.00016235495341690974
0.00016193080893180405
0.00016151382848889065
0.00016109602329267476
0.00016068054932671098
0.00016026541724568233
0.00015985831869497465
0.00015944368701177434
0.0001590456611190278
0.00015864512654325852
0.00015824397480061563
0.00015784378529329284
0.0001574456796426183
0.00015705054509005723
0.0001566526611792282
0.00015627064301560703
0.00015589136170008434
0.00015550020797840822
0.00015511986890879388
0.00015472992905415594
0.00015436812254707687
0.00015397853299509734
0.00015360168090466266
0.00015323957044165583
0.0001528671768028289
0.00015249863368584416
0.0001521308860078884
0.0001517638860565897
0.00015140776384550217
0.0001510357905107622
0.00015067844123293
0.00015032342405398735
0.00014996967208571733
0.00014960980330719253
0.00014926048157324728
0.00014891525784220834
0.00014856544513559827
0.00014821794538651234
0.00014786638327551863
0.0001475311981406636
0.00014719234816192722
0.0001468487905132441
0.00014651483743308256
0.00014618343019481893
0.00014584962530240703
0.00014550996253875873
0.00014517802556600565
0.00014485461831701776
0.00014452466597028363
0.00014420108067301603
0.00014387281997075592
0.00014355100981461313
0.00014323069131485402
0.00014291082948105982
0.00014259108452824876
0.00014227390905412345
0.00014196089719189332
0.00014165036097759954
0.00014132834926623708
0.00014102147188252556
0.00014071739182019462
0.00014040889420385402
0.0001401092734796783
0.00013979735096486716
0.0001394963552414153
0.00013919158880330192
0.0001388939980802556
0.00013859153668342446
0.00013829100688543314
0.00013800121121592104
0.00013769873175232744
0.00013740418040050336
0.00013711409289121198
0.00013682452752254904
0.00013653989802025115
0.00013624460998779307
0.00013596226767941306
0.00013567475126071189
0.00013538923460202149
0.00013511227344413504
0.0001348282552163045
0.0001345424834692564
0.00013426472479029773
0.000133983846144894
0.00013370867651582767
0.00013343931390241218
0.00013316172944346014
0.00013288338694614
0.0001326044872492695
0.00013234157983858425
0.0001320747179292644
0.0001318066261950522
0.00013153834367851512
0.00013127124992360432
0.00013100519342025598
0.00013074290668681408
0.00013048314325547276
0.00013021739705716475
0.00012995689763472632
0.0001296998495952441
0.0001294333214352194
0.0001291781492361154
0.0001289197102260704
0.00012866517828884894
0.000128413858017526
0.00012816255583087555
0.0001279049378980954
0.0001276600899022574
0.00012740929334316975
0.00012715643546723116
0.00012690954746750113
0.0001266657247324474
0.0001264181498823186
0.00012617276684166148
0.00012593707831379456
0.00012568633943402138
0.00012544871101496168
0.00012520015508366318
0.00012496154074324295
0.00012471936052539743
0.00012448693903234715
0.00012424681342403907
0.00012401453323680192
0.00012378588248975576
0.00012354757454550753
0.00012331443103119874
0.0001230850588494482
0.00012284865117488571
0.00012262027942163583
0.00012239104367864248
0.0001221612765534351
0.00012193201849899757
0.00012170454146018108
0.00012148273609524879
0.00012125407478127342
0.00012103000337866922
0.00012080919144836325
0.00012058817147492216
0.00012036314178616381
0.00012014824976750578
0.00011992451629171577
0.000119711495971737
0.00011948903575270938
0.00011926612402133357
0.00011905355751066684
0.00011883618739487316
0.00011861273879633071
0.0001184095578859202
0.00011820108243353808
0.00011797886574193119
0.0001177709935940444
0.00011756194947968022
0.00011735715699167206
0.000117143840672305
0.0001169336397970955
0.00011672767054719421
0.00011652234365017369
0.00011631792553145296
0.00011610549771620964
0.00011590535897994414
0.00011570491520867038
0.00011549609738778179
0.00011529718470634319
0.00011509647005004809
0.00011489907984594958
0.00011469222192401782
0.00011449743294640659
0.00011429854061078423
0.0001140978930858322
0.00011390242201294033
0.00011370361716343233
0.00011350769317225338
0.00011331512727058278
0.00011311477753154647
0.00011292634611107552
0.00011273926983211332
0.00011254186292017739
0.00011235219642716961
0.00011215842531349224
0.0001119703193096659
0.00011178135656518862
0.0001115941567113623
0.00011140698331067912
0.00011121630721474782
0.00011103293263407137
0.00011084580031456425
0.0001106575747522024
0.00011047164264108197
0.00011028852330995365
0.00011010702690691687
0.00010992466674920602
0.00010974638336875405
0.00010956482410144347
0.00010937663183834117
0.00010920304138338766
0.00010902089407989898
