0.01401778078251
0.004170687590795691
0.002925913596956557
0.00222709151877878
0.0018150535938528697
0.001546979250089818
0.001347070081657825
0.0011881742467929892
0.0010590492756939903
0.0009534855840754895
0.0008668010015362779
0.000795156788070859
0.0007352280457212614
0.000684262386021112
0.0006401112666639128
0.0006014738708982486
0.000567108350929894
0.0005362766272050891
0.0005083408489390857
0.0004828811617274701
0.00045955542302036077
0.00043809940070631905
0.0004183592225807923
0.0004001441505813323
0.000383329336391462
0.00036785320357384167
0.00035355506607028414
0.00034039303186968894
0.0003282772020746366
0.0003171271418927744
0.0003068406540158994
0.00029736882568943355
0.00028861683544634953
0.0002805225985550898
0.0002730096144886254
0.000266039768965834
0.0002595409758408459
0.0002534738511485952
0.000247791072395709
0.00024244614974494483
0.00023742087617379493
0.00023267567533633636
0.00022819483207390083
0.00022395061366471593
0.0002199284645002178
0.00021610945889120325
0.00021247343132478914
0.00020900776710973209
0.00020570912250130334
0.00020255827736000886
