0.014017780747237345
0.004170687584806256
0.0029259135936229455
0.002227091520217351
0.0018150535932096624
0.0015469792492944542
0.0013470700840370001
0.0011881742468898163
0.0010590492771878908
0.0009534855868869276
0.0008668010022244405
0.0007951567891152062
0.0007352280447529924
0.000684262385685676
0.0006401112671065499
0.0006014738712025617
0.0005671083507120334
0.0005362766266829155
0.0005083408486071078
0.00048288116233609633
0.00045955542445720273
0.0004380994010659618
0.00041835922192029457
0.00040014415050525405
0.0003833293368375573
0.00036785320326952856
0.0003535550661965049
0.00034039303189908285
0.00032827720220258646
0.0003171271413619555
0.0003068406536752762
0.0002973688254067336
0.00028861683515932695
0.00028052259865883286
0.0002730096140909435
0.0002660397691361456
0.00025954097551751323
0.00025347385046129713
0.00024779107188390966
0.00024244615029651233
0.00023742087604670964
0.00023267567495680952
0.00022819483254506742
0.00022395061375462663
0.0002199284645352311
0.0002161094587762213
0.00021247343135937018
0.00020900776731635375
0.0002057091219575166
0.0002025582770608829
