0.01853345106143612
0.005670488165402926
0.0034268074585779274
0.002551750585005091
0.00209995002210383
0.0017942858081330699
0.0015663120687312811
0.0013902709549999217
0.0012523882375248755
0.0011427922841229093
0.0010534610202334819
0.0009788379264953268
0.000914959262447565
0.0008593488881581843
0.0008102398410462919
0.0007664033989706875
0.0007268865653795005
0.0006910563390389061
0.0006582693100571397
0.0006282393118234072
0.0006004757575293424
0.0005746612309684925
0.0005506352870249622
0.0005282132256207515
0.0005071706115171995
0.00048742222433788225
0.00046883582637398836
0.00045137003726608793
0.0004349119130058729
0.0004194552969210148
0.00040488400882151323
0.0003912382403321491
0.00037844232327730027
0.00036646178510641906
0.0003552510936969475
0.00034479999257672027
0.00033503351079798945
0.00032593408169365423
0.0003174481227150259
0.0003095335880761314
0.00030214581595133626
0.0002952369881407016
0.0002887600227892992
0.00028269308567536685
0.0002769831381800862
0.00027160425954135043
0.0002665249971612443
0.00026172162325358207
0.0002571765043253778
0.0002528621287755944
0.0002487521572270325
0.0002448359330272915
0.0002411058911967568
0.00023754278867188912
0.0002341394782777005
0.0002308745374969487
0.00022774602031091186
0.0002247505291113259
0.0002218676294808469
0.0002190990670619846
0.0002164395004522118
0.00021387585209263994
0.00021141098303460617
0.00020903122848156593
0.00020674089634992271
0.00020452402792962634
0.00020239000261150828
0.00020032238782069517
0.0001983246510909631
0.00019639368483535292
0.000194525746334497
0.0001927146609310181
0.00019096425122596422
0.00018926415973961547
0.000187617552823382
0.0001860201656491448
0.00018447483865903874
0.0001829672730978005
0.00018150952399988125
0.00018008975888854803
0.00017871747270167498
0.0001773792961177826
0.00017607486053630435
0.0001748100707821531
0.0001735741069919809
0.00017238054000137348
0.00017121243934248163
0.0001700793007903908
