0.01853345107264
0.005670488165921624
0.003426807455863407
0.0025517505849705115
0.0020999500252678886
0.0017942858024176643
0.001566312071213468
0.0013902709586405344
0.0012523882341446925
0.0011427922821421307
0.0010534610219278958
0.0009788379279217468
0.0009149592621179756
0.0008593488896878036
0.0008102398420566727
0.0007664033992170692
0.0007268865660505663
0.0006910563396635052
0.0006582693107789947
0.0006282393110896654
0.0006004757566756516
0.0005746612308550272
0.0005506352865494888
0.0005282132257687966
0.0005071706112216496
0.0004874222241314836
0.00046883582676706434
0.00045137003649182284
0.0004349119125720035
0.0004194552969015636
0.00040488400852164085
0.00039123824028838394
0.00037844232310872336
0.000366461785346317
0.0003552510940365327
0.0003447999930797494
0.00033503351030495605
0.00032593408137162916
0.00031744812207367724
0.0003095335883298072
0.0003021458160140123
0.00029523698770196936
0.00028876002213660396
0.00028269308521232064
0.00027698313841971396
0.0002716042602869791
0.00026652499776909366
0.0002617216229891
0.00025717650460850057
0.00025286212842952544
0.0002487521571673281
0.0002448359332477382
0.00024110589124768107
0.0002375427880440482
0.00023413947818476708
0.00023087453747303995
0.00022774602050326244
0.00022475052875796278
0.0002218676298579837
0.0002190990673067453
0.00021643949931985585
0.00021387585199538403
0.00021141098304730346
0.00020903122936659469
0.00020674089628562576
0.0002045240279782543
0.0002023900032804128
0.00020032238790768518
0.00019832465038774886
0.00019639368468055393
0.00019452574617051272
0.00019271466094992898
0.00019096425094095038
0.0001892641602023915
0.00018761755297899143
0.00018602016544922988
0.00018447483829703062
0.0001829672725369581
0.00018150952360815607
0.00018008975931836513
0.00017871747258712913
0.0001773792961891036
0.00017607486032112564
0.00017481007095289126
0.0001735741073988348
0.00017238053942189035
0.000171212439353558
0.0001700793009033157
