0.04034391104316689
0.018324978456140353
0.012904112065444869
0.009860317231568388
0.007987279914991404
0.0067178069801193795
0.005774114377457187
0.005025833444115798
0.004412985382411661
0.003918228309726425
0.003507451732080989
0.003172541875743973
0.002893909421943768
0.002659605388380974
0.002455915226332836
0.002279885827121347
0.002123229074792284
0.001981555623021258
0.001856338864960114
0.0017437745704437845
0.0016403723071919396
0.0015479063443053335
0.001464706289283386
0.0013904525074805287
0.0013225172359207901
0.0012610231215535285
0.0012061630944678308
0.0011560529532498919
0.001110180586019559
0.0010686557622568381
0.0010301324481063639
0.0009942904002155416
0.0009605279962384477
0.0009302012141964577
0.0009006197621247347
0.0008735436855681677
0.0008473466966689034
0.0008225382096925619
0.0007994002081621773
0.0007771802993580994
0.0007560251162930922
0.0007357642582109386
0.0007166204849780011
0.0006985355447142317
0.0006806786890261269
0.0006643552736557732
0.0006479533291978074
0.0006328194783998318
0.0006187265291349431
0.0006048120270521452
