0.00018211661518937263
0.0001730086745648477
0.00016724820106169528
0.00016311248325452698
0.0001598119753240795
0.00015718812810329251
0.0001551068153078099
0.00015324008154534303
0.0001516190842165294
0.00015012951851086815
0.00014879850476987844
0.00014754244776639738
0.0001464545552456757
0.00014543627719413948
0.00014443537760579727
0.00014349080227667968
0.00014262720661434926
0.00014177472477233324
0.00014094016335150934
0.00014010942620653783
0.0001393884010382216
0.0001386368696360284
0.00013795068101758268
0.00013722003728269992
0.00013657815441428148
0.0001359020865162496
0.0001352455019953469
0.0001346424866484023
0.0001340059150447035
0.00013343616211425996
0.00013284241377717633
0.00013223166705514117
0.0001317020330826881
0.000131126729290566
0.00013056995666633746
0.0001300608629477731
0.00012954763817686266
0.0001289813381437321
0.00012842345840393757
0.00012796308253706126
0.00012746207147920657
0.00012695957970433838
0.00012645059516092161
0.0001260212797227582
0.00012549913919290693
0.0001250562777205949
0.0001245695430718275
0.00012415391787273835
0.00012364254543051505
0.00012326973344507487
