0.0002476449539550435
0.00022901267570210777
0.00022007034345342962
0.00021319597669654765
0.0002076149456787934
0.00020289572868988556
0.00019882331156922695
0.00019524607655782225
0.00019200203542914763
0.00018915510909689164
0.00018662682989665965
0.00018421705440496402
0.00018203845843390838
0.00018011060208013858
0.0001782236591349912
0.0001764274754172708
0.00017484021708981233
0.00017331084131076498
0.00017187292976254795
0.00017051554189737405
0.000169195702271595
0.00016795952365479883
0.00016680822673327805
0.00016564164833980224
0.000164529442182533
0.0001634742711648796
0.00016243658925344816
0.00016146749988646546
0.00016050750914088334
0.00015957887011320467
0.00015869560794709274
0.00015781251551125826
0.00015694983897564046
0.00015613135851414383
0.00015533367694781756
0.00015456217676702467
0.00015374709584261274
0.00015305772137579187
0.00015228056652363318
0.00015159587506990784
0.00015086434485018471
0.00015017229806343834
0.00014949867501097693
0.00014888176670844875
0.00014818575444228678
0.0001475513268036074
0.00014693368832791054
0.0001463448204399286
0.00014570487948926538
0.00014515138661309957
