0.00022421097468953508
0.0002167100805131293
0.0002114431704633878
0.00020704152979268855
0.0002033385245568422
0.00019985411370852796
0.00019681147389614777
0.0001939581414919462
0.00019135253613509283
0.0001888748332212213
0.00018659882878138112
0.00018433801223604625
0.0001822367005045039
0.00018027962826171805
0.00017824736877533268
0.00017647255339685268
0.0001747558247475543
0.00017300737731583247
0.00017134163334028846
0.00016974884957928106
0.000168234830153835
0.00016672678251541872
0.00016522460523335036
0.00016376013348312073
0.00016242283716738087
0.000161024047493141
0.00015970238727707725
0.0001584545913883924
0.00015717800252882172
0.00015600655999410692
0.0001548167001870449
0.00015365224829967907
0.00015247462247691205
0.0001513504347264072
0.00015033769848984575
0.0001492418718064155
0.00014818062926653477
0.0001471344642887112
0.00014619949503875748
0.00014517002348274154
0.0001442391882155418
0.00014325111240128565
0.00014236437254295525
0.00014142858050892189
0.00014053785142539418
0.0001396947733424592
0.00013879577969464006
0.0001379539000311601
0.00013716984394952195
0.00013637622852869863
