0.0006193899245521918
0.0005813644541034669
0.0005623263976286595
0.0005477802807442912
0.0005343008190850177
0.000522736280693008
0.0005118088929080407
0.0005016424195691413
0.0004926925603834319
0.000483453365447094
0.0004754713779753297
0.0004675114211521814
0.00046021429674928337
0.0004534150774204201
0.0004467515784777743
0.0004404898705241334
0.0004346004717677177
0.0004289803062766134
0.00042351339083915264
0.0004184317748205593
0.0004134547565600527
0.00040872681657524014
0.00040395888730582305
0.00039970773141090814
0.0003958122667051529
0.00039124266790662837
0.0003874572306092373
0.0003836049215849883
0.000379911729036137
0.0003763352375390039
0.0003728434562122139
0.0003695568330242259
0.00036618084027184204
0.0003630377634861966
0.0003601600345138528
0.00035687346449920186
0.000354023158447084
0.00035091614589998995
0.00034836977041842677
0.000345630498705267
0.00034301826511996835
0.00034047262771862434
0.0003377297356072242
0.0003352698552796219
0.00033257287065948586
0.0003303854806234361
0.0003279160025351108
0.0003258360396708854
0.00032340273676831447
0.00032130189886156343
