0.7602028196736076
0.781226811802921
0.8330447687655724
0.8341578036111799
0.8412070244425393
0.8441751174280439
0.8570368537771917
0.8530793964435286
0.8567895127233232
0.864580756819487
0.8564185010982922
0.8545634430173656
0.8543161018455556
0.8585209003952567
0.8597576058120265
0.8601286173928294
0.8608706406871193
0.864828097902841
0.8670541677709679
0.8624783576404639
0.8604996289441469
0.8608706405986633
0.8601286173043733
0.8576552064855766
0.8626020282705968
0.8586445708484777
0.8571605243925821
0.8639624041405876
0.8715063071533975
0.8677961909030883
0.8628493692654948
0.8692802375211534
0.8637150631309469
0.8629730398071718
0.8639624041405876
0.8624783576404639
0.862354687187243
0.869032896319858
0.8689092257634384
0.8696512491019563
0.8668068265401871
0.8695275786045074
0.8701459311949508
0.8680435321043837
0.8685382142268635
0.8695275785602793
0.8686618848127685
0.8690328964377995
0.8695275785160513
0.8705169429379231
