0.8106604006335844
0.8095473658027196
0.8132574820235434
0.8130101409696748
0.8115260945137792
0.8118971061388102
0.8133811526831618
0.8106604007662684
0.8152362107640884
0.8138758347466709
0.816472916180858
0.8142468464749006
0.8116497650996842
0.8136284937665158
0.8107840712489747
0.8149888696807345
0.810907741775909
0.8132574820088008
0.8130101409696748
0.8137521642639647
0.8174622804700459
0.8118971060650967
0.8154835518032143
0.8139995052588626
0.8079396487904044
0.8168439278501171
0.8147415285089245
0.8163492455507251
0.8161019045115991
0.8164729162250861
0.8154835517589862
0.8175859509674948
0.8126391293004159
0.8178332921393048
0.8175859510117228
0.8180806331342027
0.8172149393424639
0.8180806331342027
0.817338610016825
0.8175859511001788
0.8177096216271131
0.8186989859605289
0.8208013851395521
0.8184516448476896
0.8185753153451386
0.8186989859310436
0.8209250556812291
0.82129606730626
0.8225327727377725
0.8217907493845118
