0.8540507112156851
0.8559059987778861
0.8562770562770563
0.8571428571723462
0.8588744588892033
0.8603586889596065
0.858503401382661
0.8589981447198026
0.8599876314309474
0.8602350031142627
0.8615955473540665
0.8617192331625491
0.8615955473319498
0.8614718614866059
0.8625850340430944
0.8619666048458644
0.8624613481830061
0.8615955473172052
0.8624613481903783
0.8623376623671514
0.8618429190226374
0.8634508348941508
0.8635745207394946
0.8633271490635515
0.8636982065922106
0.8633271490635515
0.8622139765291797
0.8624613481903783
0.8640692640840085
0.8633271490414347
0.8634508349088953
0.860482374797578
0.8628324057337821
0.8638218924006932
0.8624613482124951
0.863450834931012
0.8620902906764637
0.8632034632182077
0.863945578246037
0.8628324057042931
0.8622139765144353
0.8638218924154377
0.8634508349015231
0.8630797773876084
0.8627087198589493
0.8635745207394946
0.8658008658303548
0.863327149078296
0.8638218924375545
0.8634508349015231
