0.8400939895527038
0.8400939896853878
0.8420727182195353
0.8436804353497921
0.8418253772246375
0.843556764808115
0.8449171408107898
0.8431857531830842
0.8402176601828368
0.8433094237689892
0.8415780361412836
0.845535493504432
0.8445461290973029
0.8388572842686182
0.8446697996832079
0.8371258966409125
0.830076675721097
0.8314370516353157
0.8299530051794201
0.8282216176401704
0.8288399703780407
0.830818699015387
0.8264902299682368
0.8293346525594912
0.8316843928071257
0.8311897105519618
0.8313133810936387
0.8304476873018999
0.8302003462775167
0.8310660401429689
0.8310660400545128
0.8310660400692556
0.8321790750180617
0.8319317338462516
0.8320554043437006
0.8283452881081341
0.8327974276379905
0.8348998268907271
0.8335394509765084
0.8324264159834742
0.8316843928071257
0.830324016804451
0.8313133811083814
0.8329210981796674
0.831931733919965
0.8311897106846459
0.8298293346377431
0.8320554044321566
0.830324016804451
0.8295819935101612
