0.4633619162796011
0.4616598488172043
0.4611224282539842
0.4579106927655255
0.4567746569952555
0.45597945782750493
0.45830957690506124
0.45852573794867424
0.4551530474450165
0.45178001298532855
0.45215549213177053
0.45254784926044106
0.4516458132934924
0.4506210530659411
0.4504683375948362
0.45406838141625944
0.4518414628398809
0.45351809265809656
0.44967863956718584
0.45265871088078674
0.4532591220767836
0.4481580663000129
0.4489352624580015
0.44788704009872937
0.4486126369912461
0.44682654094460134
0.4494833771210802
0.4516086837872356
0.449075484751328
0.448723036918879
0.44744503352106835
0.4482421877801455
0.4454282883810422
0.45091484241007873
0.4465780739291774
0.44840792954963304
0.44857203558999664
0.4472987535638284
0.44684545978323204
0.45422837417215645
0.4481500503599607
0.44383671815998404
0.44583077015298783
0.4456796131645667
0.44550294195271306
0.44191933808020034
0.44178761411538886
0.4422219444589255
0.44383312980555134
0.4434863030873631
