0.6311701155964938
0.6084323188116313
0.6011369213472932
0.5910895080104076
0.5897223057352963
0.5842734452465104
0.579604521460118
0.574323126246898
0.5698924243833474
0.5684941394654
0.5674811380203779
0.5669958877763976
0.5731332174790487
0.571349796234839
0.5700286720874078
0.5654938426932986
0.5668222071723186
0.5634535985390443
0.5654800111059797
0.5617650646606708
0.5582655044201132
0.560897498991181
0.5574049338856871
0.5562089896573603
0.573489787612196
0.5535709423031691
0.5530023392757035
0.5541594928218503
0.5535849608202662
0.5520138465293764
0.5497216275798016
0.5473851110862678
0.5572422718665637
0.5510453400769919
0.5480022623180429
0.5472657662672835
0.546072325515122
0.5464427893686024
0.5431712774719721
0.5433900284274745
0.5445888758206939
0.5451644664054869
0.5435361773063132
0.5409526860628451
0.5416776876681929
0.5421647441407816
0.5380162357871202
0.5394108754675075
0.5369083049154034
0.5413949450967691
