0.8238030290090592
0.6436128662330162
0.5871483464952214
0.5519392588683765
0.5224971419148241
0.5109108767679296
0.4990241536550406
0.4884930810596929
0.48500783539868036
0.472163873212101
0.46331770820190726
0.4601864551159229
0.45886809239728366
0.45092631556183993
0.4532876948142093
0.4479193181617703
0.44952290635459236
0.45169011239379814
0.4450978884492332
0.44323548518311057
0.4402860243324003
0.44051158344896013
0.437784153224512
0.43820103414719747
0.433803303058036
0.43715831446464837
0.43795272166145754
0.43092557515892804
0.43134282802093626
0.43363149496195724
0.4320907374065818
0.4298231557192202
0.4290726557687282
0.4270338285184573
0.42439476367627044
0.423681885166213
0.4256178996378969
0.4245134230123544
0.42640462404219726
0.4218416111159083
0.42489181725423936
0.4340698705682535
0.4302669376532925
0.4223712540457162
0.42274469836731815
0.42351620540947954
0.4249756154914083
0.4205793241610658
0.41957603678413175
0.4197649806185049
