0.5035478217808763
0.49981754449904037
0.49981383703263893
0.49660913334044965
0.4970945210230401
0.4946761547914685
0.4950811936511517
0.49788593231614436
0.5012973024501324
0.5010370273136603
0.5005821683841444
0.49187963421085873
0.4916736745919858
0.5021697533490367
0.49362494717456906
0.5047064509732045
0.5067003906996805
0.5081565620402078
0.5070779901269695
0.5072950847426647
0.5048799236428758
0.5050568067361128
0.5035372506472371
0.5024186455758232
0.5023134406798847
0.4972776706608516
0.4980403454313177
0.4940147589935456
0.4969663219768282
0.49593380984769375
0.49764418335147287
0.4945680250773299
0.49467216381600904
0.4931358006252324
0.4925599494783589
0.49863553685906675
0.5009059109164146
0.5040418968736138
0.49365278204979945
0.495231464088715
0.49367836916060426
0.4965819336387329
0.49313854017589104
0.4898677723495612
0.49520663402176657
0.49795721260120807
0.4956899190078771
0.4933885083748744
0.4969386652852827
0.4962945701077584
